Tiempo de ejecución: 20.14 segundos
iteraciones: 10000
gamma: 0.70
alpha: 0.70
==================================================
988 5
1163 5
1502 5
1505 5
1586 5
1596 5
1640 5
1736 5
1839 5
1874 5
1877 5
1889 5
1933 4
2071 6
2084 5
2173 1
2225 4
2252 5
2265 5
2268 5
2628 5
==================================================
Tiempo de ejecución: 19.63 segundos
iteraciones: 10000
gamma: 0.70
alpha: 0.80
==================================================
624 5
995 5
1417 5
1528 4
1566 5
1581 5
1584 5
1663 5
1730 5
1782 5
1866 5
1917 4
1920 6
1992 5
2005 5
2100 5
2105 5
2178 5
2353 6
2434 5
==================================================
Tiempo de ejecución: 20.35 segundos
iteraciones: 10000
gamma: 0.70
alpha: 0.90
==================================================
1014 5
1121 5
1241 5
1298 5
1324 6
1542 5
1549 5
1555 5
1569 1
1629 6
1671 5
1805 6
1822 5
1955 5
1960 4
1966 4
1997 1
2042 5
2089 3
2222 5
2234 4
2447 5
==================================================
Tiempo de ejecución: 100.43 segundos
iteraciones: 50000
gamma: 0.70
alpha: 0.70
==================================================
138 1
205 1
274 2
356 1
440 1
489 1
490 1
585 1
614 1
665 1
760 1
822 1
839 1
843 1
855 1
868 1
892 1
900 1
933 2
940 1
953 1
965 1
984 1
1003 2
1033 2
1042 1
1076 1
1087 1
1107 1
1120 1
1144 1
1172 1
1173 1
1198 1
1209 1
1211 2
1217 1
1221 1
1231 1
1263 1
1267 1
1269 1
1270 1
1273 1
1275 1
1282 1
1287 1
1288 1
1298 1
1309 1
1310 1
1315 1
1365 1
1368 1
1373 1
1374 1
1379 1
1381 1
1391 1
1393 1
1401 1
1406 1
1420 1
1431 1
1433 2
1475 1
1488 1
1500 1
1548 1
1575 1
1601 1
1623 1
1636 3
1650 1
1656 1
1658 2
1663 1
1679 2
1691 1
1715 1
1723 1
1751 1
1814 1
1817 1
1882 1
2059 1
==================================================
Tiempo de ejecución: 99.84 segundos
iteraciones: 50000
gamma: 0.70
alpha: 0.80
==================================================
92 1
216 1
223 1
305 1
433 1
578 1
582 1
704 1
705 1
707 1
750 2
806 1
840 1
843 1
908 1
941 1
962 1
982 1
1010 1
1070 1
1071 1
1079 1
1082 1
1113 1
1115 1
1120 1
1128 1
1138 1
1151 1
1156 1
1163 1
1170 2
1173 1
1177 1
1194 1
1207 1
1251 2
1275 2
1279 1
1302 1
1306 1
1315 1
1320 1
1359 1
1362 1
1391 1
1398 2
1411 1
1412 1
1413 1
1424 1
1449 1
1459 1
1482 1
1510 1
1517 1
1545 1
1554 1
1555 1
1557 1
1559 1
1563 1
1567 1
1571 1
1591 1
1604 1
1606 1
1610 1
1612 1
1616 1
1626 1
1637 1
1642 1
1663 1
1666 1
1680 1
1681 1
1689 1
1696 1
1709 1
1718 1
1728 1
1742 1
1750 1
1761 1
1784 1
1796 1
1827 1
1890 1
1892 1
1914 1
1974 1
1979 1
==================================================
